function value = GaussIntegralAverage3dElement(fun, nodesOfElement)
coordinates = [0.9197896733368800,	0.0267367755543735,	0.0267367755543735,	0.0267367755543735;
0.0267367755543735,	0.9197896733368800,	0.0267367755543735,	0.0267367755543735;
0.0267367755543735,	0.0267367755543735,	0.9197896733368800,	0.0267367755543735;
0.0267367755543735,	0.0267367755543735,	0.0267367755543735,	0.9197896733368800;
0.1740356302468940,	0.7477598884818090,	0.0391022406356488,	0.0391022406356488;
0.7477598884818090,	0.1740356302468940,	0.0391022406356488,	0.0391022406356488;
0.1740356302468940,	0.0391022406356488,	0.7477598884818090,	0.0391022406356488;
0.7477598884818090,	0.0391022406356488,	0.1740356302468940,	0.0391022406356488;
0.1740356302468940,	0.0391022406356488,	0.0391022406356488,	0.7477598884818090;
0.7477598884818090,	0.0391022406356488,	0.0391022406356488,	0.1740356302468940;
0.0391022406356488,	0.1740356302468940,	0.7477598884818090,	0.0391022406356488;
0.0391022406356488,	0.7477598884818090,	0.1740356302468940,	0.0391022406356488;
0.0391022406356488,	0.1740356302468940,	0.0391022406356488,	0.7477598884818090;
0.0391022406356488,	0.7477598884818090,	0.0391022406356488,	0.1740356302468940;
0.0391022406356488,	0.0391022406356488,	0.1740356302468940,	0.7477598884818090;
0.0391022406356488,	0.0391022406356488,	0.7477598884818090,	0.1740356302468940;
0.4547545999844830,	0.4547545999844830,	0.0452454000155172,	0.0452454000155172;
0.4547545999844830,	0.0452454000155172,	0.4547545999844830,	0.0452454000155172;
0.4547545999844830,	0.0452454000155172,	0.0452454000155172,	0.4547545999844830;
0.0452454000155172,	0.4547545999844830,	0.4547545999844830,	0.0452454000155172;
0.0452454000155172,	0.4547545999844830,	0.0452454000155172,	0.4547545999844830;
0.0452454000155172,	0.0452454000155172,	0.4547545999844830,	0.4547545999844830;
0.5031186450145980,	0.2232010379623150,	0.2232010379623150,	0.0504792790607720;
0.2232010379623150,	0.5031186450145980,	0.2232010379623150,	0.0504792790607720;
0.2232010379623150,	0.2232010379623150,	0.5031186450145980,	0.0504792790607720;
0.5031186450145980,	0.2232010379623150,	0.0504792790607720,	0.2232010379623150;
0.2232010379623150,	0.5031186450145980,	0.0504792790607720,	0.2232010379623150;
0.2232010379623150,	0.2232010379623150,	0.0504792790607720,	0.5031186450145980;
0.5031186450145980,	0.0504792790607720,	0.2232010379623150,	0.2232010379623150;
0.2232010379623150,	0.0504792790607720,	0.5031186450145980,	0.2232010379623150;
0.2232010379623150,	0.0504792790607720,	0.2232010379623150,	0.5031186450145980;
0.0504792790607720,	0.5031186450145980,	0.2232010379623150,	0.2232010379623150;
0.0504792790607720,	0.2232010379623150,	0.5031186450145980,	0.2232010379623150;
0.0504792790607720,	0.2232010379623150,	0.2232010379623150,	0.5031186450145980;
0.2500000000000000,	0.2500000000000000,	0.2500000000000000,	0.2500000000000000];

weights = [0.0021900463965388
0.0021900463965388
0.0021900463965388
0.0021900463965388
0.0143395670177665
0.0143395670177665
0.0143395670177665
0.0143395670177665
0.0143395670177665
0.0143395670177665
0.0143395670177665
0.0143395670177665
0.0143395670177665
0.0143395670177665
0.0143395670177665
0.0143395670177665
0.0250305395686746
0.0250305395686746
0.0250305395686746
0.0250305395686746
0.0250305395686746
0.0250305395686746
0.0479839333057554
0.0479839333057554
0.0479839333057554
0.0479839333057554
0.0479839333057554
0.0479839333057554
0.0479839333057554
0.0479839333057554
0.0479839333057554
0.0479839333057554
0.0479839333057554
0.0479839333057554
0.0931745731195340];
nodes = coordinates  * nodesOfElement;

value = weights'*double(subs(fun, {sym('x'),sym('y'),sym('z')}, {nodes(:,1), nodes(:,2), nodes(:,3)}));
end

