function value = GaussIntegralAverage3dFace(fun, nodesOfFace)
arealCoordinates = [.3333333333333333333333333333333333, .3333333333333333333333333333333333, .3333333333333333333333333333333333;
    .6588613844964795867554129970170710, .1705693077517602066222935014914645, .1705693077517602066222935014914645;
    .1705693077517602066222935014914645, .6588613844964795867554129970170710, .1705693077517602066222935014914645;
    .1705693077517602066222935014914645, .1705693077517602066222935014914645, .6588613844964795867554129970170710;
    .8989055433659380490831528988068022, .0505472283170309754584235505965989, .0505472283170309754584235505965989;
    .0505472283170309754584235505965989, .8989055433659380490831528988068022, .0505472283170309754584235505965989;
    .0505472283170309754584235505965989, .0505472283170309754584235505965989, .8989055433659380490831528988068022;
    .0814148234145536879423689710116614, .4592925882927231560288155144941693, .4592925882927231560288155144941693;
    .4592925882927231560288155144941693, .0814148234145536879423689710116614, .4592925882927231560288155144941693;
    .4592925882927231560288155144941693, .4592925882927231560288155144941693, .0814148234145536879423689710116614;
    .2631128296346381134217857862846436, .0083947774099576053372138345392944, .7284923929554042812410003791760620;
    .2631128296346381134217857862846436, .7284923929554042812410003791760620, .0083947774099576053372138345392944;
    .0083947774099576053372138345392944, .2631128296346381134217857862846436, .7284923929554042812410003791760620;
    .0083947774099576053372138345392944, .7284923929554042812410003791760620, .2631128296346381134217857862846436;
    .7284923929554042812410003791760620, .2631128296346381134217857862846436, .0083947774099576053372138345392944;
    .7284923929554042812410003791760620, .0083947774099576053372138345392944, .2631128296346381134217857862846436];

weights = [.1443156076777871682510911104890646,
    .1032173705347182502817915502921290,
    .1032173705347182502817915502921290,
    .1032173705347182502817915502921290,
    .0324584976231980803109259283417806,
    .0324584976231980803109259283417806,
    .0324584976231980803109259283417806,
    .0950916342672846247938961043885843,
    .0950916342672846247938961043885843,
    .0950916342672846247938961043885843,
    .0272303141744349942648446900739089,
    .0272303141744349942648446900739089,
    .0272303141744349942648446900739089,
    .0272303141744349942648446900739089,
    .0272303141744349942648446900739089,
    .0272303141744349942648446900739089];

nodes = arealCoordinates * nodesOfFace;
value = weights'*double(subs(fun, {sym('x'),sym('y'),sym('z')}, {nodes(:,1), nodes(:,2), nodes(:,3)}));
end


