function [points, weights] = GetHammerIntegralInfoOnSimplex(n, k)
%GetHammerIntegralInfoOnSimplex 单纯型上Hammer积分点
%   n:  维度
%   k:  代数精度
if n == 1
    gii = GaussianIntegralInfo.GetInstence();
    [points, weights] = gii.GetInfo(k);
    points = 0.5*[1+points, 1-points];
else
    hii = HammerIntegralInfo.GetInstence();
    [points, weights] = hii.GetInfo(n, k);
end

%
% switch n
%     case 1
%         gii = GaussianIntegralInfo.GetInstence();
%         [points, weights] = gii.GetInfo(k);
%         points = (1+points)*0.5;
%     case 2
%         points = [.3333333333333333333333333333333333, .3333333333333333333333333333333333, .3333333333333333333333333333333333;
%             .6588613844964795867554129970170710, .1705693077517602066222935014914645, .1705693077517602066222935014914645;
%             .1705693077517602066222935014914645, .6588613844964795867554129970170710, .1705693077517602066222935014914645;
%             .1705693077517602066222935014914645, .1705693077517602066222935014914645, .6588613844964795867554129970170710;
%             .8989055433659380490831528988068022, .0505472283170309754584235505965989, .0505472283170309754584235505965989;
%             .0505472283170309754584235505965989, .8989055433659380490831528988068022, .0505472283170309754584235505965989;
%             .0505472283170309754584235505965989, .0505472283170309754584235505965989, .8989055433659380490831528988068022;
%             .0814148234145536879423689710116614, .4592925882927231560288155144941693, .4592925882927231560288155144941693;
%             .4592925882927231560288155144941693, .0814148234145536879423689710116614, .4592925882927231560288155144941693;
%             .4592925882927231560288155144941693, .4592925882927231560288155144941693, .0814148234145536879423689710116614;
%             .2631128296346381134217857862846436, .0083947774099576053372138345392944, .7284923929554042812410003791760620;
%             .2631128296346381134217857862846436, .7284923929554042812410003791760620, .0083947774099576053372138345392944;
%             .0083947774099576053372138345392944, .2631128296346381134217857862846436, .7284923929554042812410003791760620;
%             .0083947774099576053372138345392944, .7284923929554042812410003791760620, .2631128296346381134217857862846436;
%             .7284923929554042812410003791760620, .2631128296346381134217857862846436, .0083947774099576053372138345392944;
%             .7284923929554042812410003791760620, .0083947774099576053372138345392944, .2631128296346381134217857862846436];
%
%         weights = [.1443156076777871682510911104890646;
%             .1032173705347182502817915502921290;
%             .1032173705347182502817915502921290;
%             .1032173705347182502817915502921290;
%             .0324584976231980803109259283417806;
%             .0324584976231980803109259283417806;
%             .0324584976231980803109259283417806;
%             .0950916342672846247938961043885843;
%             .0950916342672846247938961043885843;
%             .0950916342672846247938961043885843;
%             .0272303141744349942648446900739089;
%             .0272303141744349942648446900739089;
%             .0272303141744349942648446900739089;
%             .0272303141744349942648446900739089;
%             .0272303141744349942648446900739089;
%             .0272303141744349942648446900739089];
%     case 3
%
%
%         points = [0.9197896733368800,	0.0267367755543735,	0.0267367755543735,	0.0267367755543735;
%             0.0267367755543735,	0.9197896733368800,	0.0267367755543735,	0.0267367755543735;
%             0.0267367755543735,	0.0267367755543735,	0.9197896733368800,	0.0267367755543735;
%             0.0267367755543735,	0.0267367755543735,	0.0267367755543735,	0.9197896733368800;
%             0.1740356302468940,	0.7477598884818090,	0.0391022406356488,	0.0391022406356488;
%             0.7477598884818090,	0.1740356302468940,	0.0391022406356488,	0.0391022406356488;
%             0.1740356302468940,	0.0391022406356488,	0.7477598884818090,	0.0391022406356488;
%             0.7477598884818090,	0.0391022406356488,	0.1740356302468940,	0.0391022406356488;
%             0.1740356302468940,	0.0391022406356488,	0.0391022406356488,	0.7477598884818090;
%             0.7477598884818090,	0.0391022406356488,	0.0391022406356488,	0.1740356302468940;
%             0.0391022406356488,	0.1740356302468940,	0.7477598884818090,	0.0391022406356488;
%             0.0391022406356488,	0.7477598884818090,	0.1740356302468940,	0.0391022406356488;
%             0.0391022406356488,	0.1740356302468940,	0.0391022406356488,	0.7477598884818090;
%             0.0391022406356488,	0.7477598884818090,	0.0391022406356488,	0.1740356302468940;
%             0.0391022406356488,	0.0391022406356488,	0.1740356302468940,	0.7477598884818090;
%             0.0391022406356488,	0.0391022406356488,	0.7477598884818090,	0.1740356302468940;
%             0.4547545999844830,	0.4547545999844830,	0.0452454000155172,	0.0452454000155172;
%             0.4547545999844830,	0.0452454000155172,	0.4547545999844830,	0.0452454000155172;
%             0.4547545999844830,	0.0452454000155172,	0.0452454000155172,	0.4547545999844830;
%             0.0452454000155172,	0.4547545999844830,	0.4547545999844830,	0.0452454000155172;
%             0.0452454000155172,	0.4547545999844830,	0.0452454000155172,	0.4547545999844830;
%             0.0452454000155172,	0.0452454000155172,	0.4547545999844830,	0.4547545999844830;
%             0.5031186450145980,	0.2232010379623150,	0.2232010379623150,	0.0504792790607720;
%             0.2232010379623150,	0.5031186450145980,	0.2232010379623150,	0.0504792790607720;
%             0.2232010379623150,	0.2232010379623150,	0.5031186450145980,	0.0504792790607720;
%             0.5031186450145980,	0.2232010379623150,	0.0504792790607720,	0.2232010379623150;
%             0.2232010379623150,	0.5031186450145980,	0.0504792790607720,	0.2232010379623150;
%             0.2232010379623150,	0.2232010379623150,	0.0504792790607720,	0.5031186450145980;
%             0.5031186450145980,	0.0504792790607720,	0.2232010379623150,	0.2232010379623150;
%             0.2232010379623150,	0.0504792790607720,	0.5031186450145980,	0.2232010379623150;
%             0.2232010379623150,	0.0504792790607720,	0.2232010379623150,	0.5031186450145980;
%             0.0504792790607720,	0.5031186450145980,	0.2232010379623150,	0.2232010379623150;
%             0.0504792790607720,	0.2232010379623150,	0.5031186450145980,	0.2232010379623150;
%             0.0504792790607720,	0.2232010379623150,	0.2232010379623150,	0.5031186450145980;
%             0.2500000000000000,	0.2500000000000000,	0.2500000000000000,	0.2500000000000000];
%
%         weights = [0.0021900463965388;
%             0.0021900463965388;
%             0.0021900463965388;
%             0.0021900463965388;
%             0.0143395670177665;
%             0.0143395670177665;
%             0.0143395670177665;
%             0.0143395670177665;
%             0.0143395670177665;
%             0.0143395670177665;
%             0.0143395670177665;
%             0.0143395670177665;
%             0.0143395670177665;
%             0.0143395670177665;
%             0.0143395670177665;
%             0.0143395670177665;
%             0.0250305395686746;
%             0.0250305395686746;
%             0.0250305395686746;
%             0.0250305395686746;
%             0.0250305395686746;
%             0.0250305395686746;
%             0.0479839333057554;
%             0.0479839333057554;
%             0.0479839333057554;
%             0.0479839333057554;
%             0.0479839333057554;
%             0.0479839333057554;
%             0.0479839333057554;
%             0.0479839333057554;
%             0.0479839333057554;
%             0.0479839333057554;
%             0.0479839333057554;
%             0.0479839333057554;
%             0.0931745731195340];
%     otherwise
%         error("本函数功能还未完善, 不支持n>=3");
% end
%
